9 
5 
3 
6 
0 
1 
4 
4 
4 
4 
3 
3 
4 
8 
9 
5 
9 
8 
1 
8 
3 
3 
9 
9 
7 
6 
5 
0 
8 
4 
0 
5 
9 
2 
8 
4 
7 
1 
5 
9 
6 
8 
9 
3 
4 
9 
3 
7 
8 
8 
4 
8 
9 
7 
2 
5 
3 
7 
0 
0 
2 
9 
5 
5 
8 
5 
4 
2 
0 
3 
3 
5 
7 
7 
8 
6 
7 
8 
3 
3 
5 
6 
8 
0 
2 
3 
7 
0 
1 
9 
1 
3 
6 
5 
5 
3 
2 
9 
6 
8 
3 
9 
3 
0 
9 
0 
0 
7 
8 
5 
0 
0 
1 
3 
3 
1 
5 
3 
4 
4 
0 
9 
9 
9 
9 
8 
2 
4 
2 
2 
5 
1 
3 
1 
0 
9 
4 
2 
1 
6 
0 
4 
2 
3 
3 
0 
0 
6 
3 
7 
4 
8 
4 
4 
8 
3 
5 
0 
5 
7 
4 
4 
2 
2 
7 
3 
6 
0 
2 
7 
6 
2 
3 
0 
7 
7 
8 
9 
1 
4 
6 
0 
6 
6 
5 
5 
6 
3 
9 
3 
6 
2 
7 
6 
4 
9 
5 
6 
4 
1 
6 
2 
8 
2 
3 
9 
0 
5 
1 
5 
3 
3 
7 
3 
7 
8 
9 
1 
3 
4 
5 
6 
8 
4 
6 
5 
3 
6 
9 
8 
3 
3 
6 
4 
5 
9 
7 
3 
4 
1 
3 
4 
4 
6 
3 
5 
3 
8 
0 
0 
1 
8 
3 
1 
5 
3 
